XE: 48.654664
YE: 72.319293
distance: 17.455371
